BMI分组分析结果:
       孕周        BMI    Y染色体浓度  年龄 BMI分组
223  20.0  40.404040  0.059986  26   >40
224  24.0  40.404040  0.107418  25   >40
226  16.0  43.510937  0.077037  27   >40
227  20.0  43.906491  0.117990  27   >40
228  24.0  44.697599  0.215065  27   >40
323  12.0  46.875000  0.013157  30   >40
324  15.0  46.875000  0.022604  30   >40
405  23.0  40.648877  0.063422  27   >40
419  13.0  41.132812  0.033910  31   >40
420  15.0  41.523438  0.020269  31   >40
421  19.0  42.382812  0.051052  31   >40
422  23.0  42.968750  0.065884  31   >40
473  12.0  40.138408  0.051353  32   >40
474  15.0  40.484429  0.047096  32   >40
475  19.0  40.830450  0.027698  32   >40
476  23.0  40.830450  0.126525  32   >40
495  22.0  44.982699  0.052179  32   >40
669  23.0  45.714286  0.040248  34   >40

逻辑回归参数:
const    0.000000
BMI     -0.377692
年龄      -0.036091
dtype: float64

按BMI分组的平均达标概率:
   BMI分组        平均达标概率
0  20-28  3.598196e-05
1  28-32  4.219598e-06
2  32-36  1.153090e-06
3  36-40  2.843785e-07
4    >40  4.608776e-08