=== 模型敏感性分析报告 ===

样本总量: 1082
异常样本比例: 8.32%

最佳阈值: 0.2992

阈值敏感性分析 (±10%):
    threshold      f1  precision  recall  accuracy
0      0.2693  0.9939     0.9943  0.9938    0.9938
1      0.2723  0.9939     0.9943  0.9938    0.9938
2      0.2753  0.9939     0.9943  0.9938    0.9938
3      0.2783  0.9939     0.9943  0.9938    0.9938
4      0.2813  0.9939     0.9943  0.9938    0.9938
5      0.2843  0.9969     0.9970  0.9969    0.9969
6      0.2873  0.9969     0.9970  0.9969    0.9969
7      0.2903  0.9969     0.9970  0.9969    0.9969
8      0.2933  0.9969     0.9970  0.9969    0.9969
9      0.2963  0.9969     0.9970  0.9969    0.9969
10     0.2992  0.9938     0.9938  0.9938    0.9938
11     0.3022  0.9938     0.9938  0.9938    0.9938
12     0.3052  0.9938     0.9938  0.9938    0.9938
13     0.3082  0.9938     0.9938  0.9938    0.9938
14     0.3112  0.9938     0.9938  0.9938    0.9938
15     0.3142  0.9938     0.9938  0.9938    0.9938
16     0.3172  0.9938     0.9938  0.9938    0.9938
17     0.3202  0.9938     0.9938  0.9938    0.9938
18     0.3232  0.9938     0.9938  0.9938    0.9938
19     0.3262  0.9938     0.9938  0.9938    0.9938
20     0.3292  0.9969     0.9969  0.9969    0.9969

Bootstrap置信区间 (95%):
f1: 0.9972 (0.9910 - 1.0000)
precision: 0.9974 (0.9916 - 1.0000)
recall: 0.9972 (0.9908 - 1.0000)
accuracy: 0.9972 (0.9908 - 1.0000)

可视化文件:
1. threshold_sensitivity.png - 阈值敏感性分析
2. bootstrap_confidence.png - 置信区间
3. feature_importance.png - 特征重要性
4. roc_curve.png - ROC曲线
